1000 1000
458088435 155572757
458088435 35894837
420384656 155572757
283316870 11031049
188829064 31319412
335774157 8022371
195074824 81022573
457193525 108126860
3588533 80993544
446955556 146826120
117557186 84677454
311571989 83328320
49700484 101535523
352533617 155572757
213505284 11458985
21410125 112663350
387748310 40214968
296517574 60232730
286237000 2194983
84668636 61397517
183229613 102184564
138189406 112297012
353264862 32277756
313162360 44041255
418404244 135001880
201237407 39586925
88647791 93516088
384810067 66835241
236731015 66778402
172182319 137210748
89717639 18939399
272797778 41331256
214915179 126704568
207861334 65013265
429471044 11969539
105365995 139706493
434621728 37910469
266895252 106467927
154511919 125169009
328255952 155572757
351491634 109783369
435506049 51967229
61008257 59952809
214855768 90515534
278655272 70722097
73779158 3715633
150271858 124632209
230017771 88947584
125888381 72528255
59710235 106815846
357356821 70344293
224718893 37930895
380241417 60184458
124695193 84977972
389756912 89123282
413511333 83249447
63233973 28640680
203466060 99024089
146451952 72232353
100025229 131644477
258673161 102002972
93329319 129781616
358690701 34812689
219327024 151353754
260868227 142116730
127015178 15238341
373075441 57963440
1171639 115277876
184131949 121672782
361375271 6554179
427355261 60061169
150400405 357265
159946911 68318556
255892886 92433855
224887217 50215623
162779276 149228643
458088435 76984963
218814923 155572757
403414908 60487005
101355652 16872953
20414068 126876187
120441152 113219354
437961514 27112368
110823582 145096072
442576736 26579815
92192337 114641249
320736181 80441023
283887398 108412844
60784348 112076779
339662024 116379071
136438236 124463426
23057279 12008741
294990334 100676647
222406770 95531213
358382813 74442954
273542315 40635289
366330910 18635513
114875243 55443677
434829868 37702295
409029405 31348617
4893487 103337328
151594346 88959988
197068814 148851147
137426579 44823120
327682201 17629088
18147918 56274481
126059895 21327157
48012819 41549989
67936520 94109325
33764687 112472099
63689696 1969905
239986462 91588643
382853063 6052427
89860344 135648784
76987676 75967106
276967171 22640883
304553751 54662187
418726277 98292953
83563847 132141876
239485640 81242473
224795638 62584097
77485568 154620565
329458650 60183711
320581431 23495943
201263386 31882348
160722455 87017048
276319337 22850913
112541352 149310876
37182026 40084194
220919986 95675507
131966524 69308621
458088435 135266101
377446385 61674687
49852459 112558436
274909313 12806057
84653463 47872889
96988863 40302224
59301154 152928081
43652696 55132871
197754102 114001743
455037286 32243413
423117111 70839431
165434257 34762266
321666249 41742251
72704212 10743133
314476978 98650447
269427302 117454940
458088435 106494681
211635609 9110765
301036370 93133919
341018353 133006718
183344972 128520267
127246096 2280617
315059407 61331867
345089633 27734340
93304709 23264977
50828296 154765629
346928650 41378913
433602377 155572757
189912763 66976796
21892758 118050031
90192426 101138863
238504462 5627223
195355912 130035902
428268662 40996050
93302277 49496211
449709842 48718334
405955276 5576206
242135802 74369735
121116581 48159186
458088435 107465263
214713779 125920514
229221078 30804537
379614101 110689086
19267738 36654447
22321273 153249461
387045478 11940998
458088435 35453794
397123796 10731281
322109684 63189437
302311018 80075733
384235782 24095610
58528105 91042670
52973712 84537858
439282797 131626464
188465803 6568689
191939136 93806253
404229746 114565529
117396319 59724767
397260499 88024771
204717449 154086448
305817807 48476774
154757074 113802894
247829012 30033849
286275946 132977676
61693856 118005468
194461172 82716808
163953550 151694804
363787826 133187702
57439455 57218169
448001101 129618030
36913504 8675229
107394713 30698536
236105536 8624252
370456796 106509032
368263993 49039394
316117614 79661489
45428688 51698031
89293380 35646674
363353292 139408579
59921066 155572757
433370008 84561952
91665120 756633
357582783 107672815
21448476 150931983
113671642 44727200
22024380 35465131
10582879 71860751
373019225 134067551
243067759 138055624
157876724 703045
388612024 114334550
272524836 16069257
150963767 22927439
259920979 80289623
443406616 45870691
133004010 9489722
328320309 41214322
369117167 16629271
328747946 25593116
455613654 45587282
374273135 5551939
310317674 144748534
9742709 135873379
276655564 106440544
21360025 117229278
254877929 69999963
241898780 28042944
135185441 5638591
208508538 133344871
433830148 155572757
106635061 95385731
286775774 4672054
289799074 100492793
235388167 146260942
121359760 38776091
8373368 64303007
266354322 37456681
456488229 155572757
339892493 51784283
259263836 74822573
41049753 18238241
32930550 39965933
117989520 113311325
136075651 24913491
134712828 151765067
39231894 155572757
102310722 155572757
58327047 90397492
219087861 38766164
149401085 119000795
441855461 140366803
95503879 114905033
271233915 10277662
387180034 62592046
302790125 95171583
309131959 155572757
311339166 123669136
376260421 2606522
365902554 3187300
232320377 66223109
441166127 75491614
29061966 139611822
340454621 98657851
374151780 85440067
73585841 126590068
246322868 148790618
123571536 92851099
77075751 86058725
367183854 154465559
51895711 150068994
436349032 88499596
133175352 65013352
315613225 53052833
40695543 44472959
248121922 47125151
79066747 73306012
368981856 107205627
439067836 215710
444793476 139206289
178981153 133349699
191865037 77597884
226101106 46436472
11386738 90344238
356685831 19694473
275166279 89416662
79139110 100879064
251172706 43345492
59023848 86561423
324808121 114082731
188280571 116777195
169581734 72598022
458069872 38270960
147819651 10665803
250490888 115553214
134261591 18806137
169851898 3359514
12798129 63296798
35723027 11821637
259970739 25033176
268258333 147318323
206968376 85418704
151843594 45778445
262931377 58771566
27531856 817275
276224797 101298077
162612385 90758132
26104282 87003829
415987557 20297572
295653079 100387783
414552861 148550938
314515598 143506444
199139329 2983281
458088435 133853528
445219957 50621963
20197705 4398173
177343717 134723411
454347353 144369220
277151548 102999594
349507019 29179518
135217329 25101971
150153635 46865177
263541851 114599506
159951447 144787758
237563493 69842125
144947026 29153254
264803549 89966325
370716654 90386901
52948593 8541690
410219243 102066871
181806376 153041107
179126537 11469612
292628556 28817894
73079645 28861759
313505726 133227209
361501261 129738074
458088435 78704190
145569336 11323452
171466743 33751286
377479064 90184066
297451200 99366751
261130771 131637471
310189252 60015001
432364523 116722890
2636556 151906106
344476930 99712364
122846649 2279828
3891372 109998214
393258934 2015556
306067084 136798898
8474316 99798711
92627932 18612759
307560984 7522736
300202785 11720891
354413842 12422190
334246383 17214855
40143601 142235374
194073733 24131348
7810293 9228599
278445653 78003549
212267541 5980324
79200506 380279
120515629 152544403
195166503 70664501
264855207 14612763
337567280 113685882
30244553 121090396
252682069 67570822
434260718 87849563
35481522 92658222
373775595 58364667
59752945 38367206
116273976 108310558
401754575 124880080
329165456 16080539
36015551 124481919
346088295 51455435
259492016 56789353
53389559 53659358
250832350 44124845
199325158 152302650
317394356 153180612
26285962 46840699
274827952 93794795
185081265 121270413
195437466 34102405
2702249 150802234
92734253 90799219
176127030 21897023
333365661 89851421
26427037 76226399
193809059 62914444
400457247 57998887
440411495 30478783
190116068 14085721
276372590 83828972
123574281 128871695
343261743 49927180
121738324 1874256
4245554 118166296
204565871 103455349
1121878 148740283
253340449 79464218
425661296 95225287
287456977 44283517
118633264 99118430
182397653 5233403
263258648 128616127
260456962 26713087
126939179 43052117
107044529 30732365
40775575 99805288
458088435 80804729
63505968 44454280
306290623 12328346
437712138 49585477
118890213 72749941
119107809 77161653
296840297 57803819
364186504 85905712
7501332 34547705
442032267 121655604
267557823 43325888
181125845 67897081
441627605 92873536
16813163 93888773
410364749 113098373
242005212 43053069
6044619 50976638
173983654 123175482
360444828 74332746
229834364 83323766
248681834 65738526
378171552 155216183
136959561 80993056
437383608 13487947
384000039 117751278
446345275 16935465
338491401 139501147
107431390 140147111
306267380 155572757
413661205 79193994
316373071 65567379
306888084 62509446
184544459 80902418
140956494 154755813
433528970 68417710
141013965 76664201
407101049 128948057
288490481 17228217
31976257 2233477
349535944 12680485
328043629 113552514
453928157 20081743
449346306 4433336
55494001 10543715
96852567 89978846
54607059 11544134
166081452 75857918
299754178 16067461
260043911 95092342
429710312 153508233
272526434 3896692
399367489 72517067
25424825 7722736
252469529 5356811
173422944 145584356
133279860 109612888
144884959 8610206
95686027 56015852
451609834 91976547
397027297 111442525
159697101 100412439
219480169 89961694
261092645 94552129
158907474 32223827
219176293 73500450
195316811 65155510
56214972 94167541
296378917 70965173
423568667 132715875
408619278 24425927
354769581 121848367
449506961 69632939
398921384 124756546
137732432 98142311
28737813 130188862
127386701 84687918
14007250 25262909
345623730 24404990
228336950 8510442
123719479 125528945
162547181 143931942
102601557 89551362
174422732 44426620
73874303 146264357
372759161 145178752
135582389 67960212
50998580 23621290
360358937 43023861
134203860 96320930
38485524 31892090
429546608 102668920
161326517 24968866
401025557 28364376
152231055 104344278
349668512 31467444
54868698 53907583
14929154 150347842
290903922 119739930
147523009 20726722
158872701 84218447
438583896 9886316
56937151 96178011
141947196 86280117
227144527 28292377
354489814 52549745
63147781 74053744
397563354 97688750
13542568 8849291
434950952 76560549
392938874 42440907
345593335 11572779
222636158 105169859
146722270 15177425
369140569 94152880
385321838 4003346
125002863 39593224
275820198 136201555
28872170 53638886
79005626 55388558
425675068 126063917
307684622 155572757
306720350 135818816
60303352 26949282
297839047 55907796
456684241 59543424
174940717 60340605
448497984 17075141
236311397 155572757
186816885 132785948
244064805 66975928
194927728 83747104
218173165 11158899
334216120 40769754
20696103 138483514
372555410 3429064
448223192 109696286
213553764 71105578
307066454 85088421
143031711 111828021
384687650 133642939
452173102 59924178
330986003 54687433
38222147 69432580
361456189 99538945
6018725 65208778
418711019 52659591
326804735 65828726
283500984 27058055
253457002 83477933
194975815 36618643
300621627 87594874
229458669 101754095
47001248 26679736
195850860 37763128
7997010 95650902
270764418 87456185
376785417 54025794
258583849 136283907
256629221 88499081
159248207 69420495
341090120 27785976
58202839 98775145
412837383 53692563
279782473 101115639
3888191 53292429
295496791 58301146
134763734 128652860
455327663 70934763
55281125 80853820
174950902 106626955
212548924 46402782
439710390 117181681
383653523 8188388
186317045 153087880
358648433 153930021
77555774 30297550
237149739 49604673
448974620 14747588
142676056 31912668
245009199 49410597
108203517 88979810
33276068 56420639
95889996 14642505
249591918 131007957
445303125 95431623
322118396 154794936
357302260 117675598
74925881 97108692
148803894 139943139
154086754 138501613
445952590 151871784
49559968 151217920
290174286 26250271
392663237 141216847
394058556 25091245
458086511 61667997
458088435 20321048
111222389 41309488
102282257 32290625
230231712 47315978
458088435 22675446
6723781 52719006
32907689 1547855
185441492 88992240
27388044 144763568
452796256 97537503
59022772 33730443
386818 1555138
238518543 60255392
211572977 33813160
249000975 39845183
223863196 155572757
128249091 114640173
39267994 99630580
389950540 154987733
236486571 150545050
225645813 150750539
310531242 66590644
417596127 12478254
226471542 107526553
38924715 75432537
257268165 3721954
72764130 87914859
169064795 132859717
75649732 27225468
70860541 137035233
458088435 65947288
435590548 56144191
458088435 96764807
417429502 37357054
241388076 97891490
454224090 148528893
380254357 60984973
215149216 118559050
275855144 49004380
296408723 7997845
354491480 116557724
404847117 36066677
75730924 49033406
243045642 96705549
55185313 125160924
91460495 6574982
194738133 54540034
113200828 127035203
120828170 41494062
341981604 106185068
160682085 115995892
86814647 60278750
11538602 60412534
391673417 66360506
114580128 110615002
234899653 29125886
388690968 30300106
450016293 138127748
250569697 70561226
360228054 144726324
5052735 76580245
402918380 90929147
293455766 3063142
97250432 77901345
39878545 86192726
445633495 155572757
9360175 91394783
447387226 81990200
118458375 85094898
403592303 139410862
34597704 42082642
167066221 25079409
339969669 94750468
103124087 62422115
146709131 65828590
326672300 137578375
433446639 135928466
48157098 66025998
253770152 135488306
449307615 88458787
48542642 78556247
458088435 3303435
38475636 119598586
18504240 99803003
332032086 2222844
393481795 131429895
308503717 1195225
337440361 98150857
39251235 64277469
352606815 77100241
430326795 153662027
269368004 53188641
28564656 24320123
447539507 115337661
213962298 90659133
187184409 17627743
257131360 125840114
136432374 17179232
223705862 116024820
249717445 19900178
183873081 43301349
329220331 15733310
177892013 59588095
61100622 56645026
26654536 16923128
9412393 129238591
115936155 25143639
73351051 99129257
420230992 16017687
342724273 6463227
388756946 131164790
334792977 2300781
272582926 79944804
458088435 7518544
369008917 140404134
335948918 27067262
39732263 153523154
360214228 119461913
410476380 37116602
262072345 74622453
28872931 54622528
266379689 33334006
127771929 82399891
280305488 32887724
262152024 25309531
411564762 134562261
7709011 34581181
269602957 152337357
144407853 104148467
345653482 141842349
368317418 58517285
143575840 134242441
326454363 109706604
138114865 58569377
326220432 47377509
51361589 107184666
98724812 29591563
6489037 152770961
53562512 53342044
376453765 37004245
34218595 65772158
124577084 152147846
139381101 71162166
295472957 145295942
93770205 129967614
240505376 102814348
85672946 155572757
268437020 78206229
43831777 101493021
451300191 93503072
79936531 87747963
411389558 141874153
245483377 75178110
295266504 132000877
335483593 134330672
210298734 37295551
429331287 6688368
150818678 62833951
36194749 123467126
238003737 20152427
304758963 56941727
247530442 82306823
448697566 38113761
243073743 64911559
216552917 18339167
354668990 37423921
244744045 63814148
352850481 132113864
272734505 111212161
211909639 58152676
189646517 67300349
299056206 96185032
447470387 123987725
329354071 39314443
458088435 155572757
261188392 60701149
185964598 107414548
227725251 110327200
98609445 11246589
91325042 125793099
52010815 28685171
332129396 25729198
168304370 122154719
210864145 148319057
317401669 1836351
418759813 13722119
403563332 7369549
115720489 100609703
5046261 130385855
122483486 24697409
458088435 16964502
323998057 7429592
272849497 122970358
86383694 4629117
458088435 140822772
458088435 62409858
167719474 23152240
257833085 2181511
218554011 132672474
421946484 62892087
177761692 56281812
354762653 6047314
308541690 25177430
40762785 111652357
43951154 10414802
49522817 89869926
59218784 146687883
365008436 39266302
389614863 68357819
63227587 85716014
132996642 32133224
339971503 141544536
88463794 102169080
114743133 122193566
231548418 47072918
386661905 125306042
188244926 126382009
446125831 29788757
245538784 116268002
45413069 55052349
51421030 131276562
162472294 116627434
443451683 5451273
337080344 30844246
441386181 18174668
216915113 70908747
119083664 139270263
322335439 10370914
453684798 126489883
40828087 123458146
271546456 132105632
360011577 124056426
458088435 76412364
276425431 43521184
415274759 130614638
290525631 67487799
458088435 155572757
264743818 27551329
188106910 18086513
377160476 51889944
40808042 88431461
110323623 129922662
53945775 88483617
7946952 54572354
200507538 64355963
395204564 122786831
346342041 125968927
398042534 112728273
115154625 36370686
2623662 75551694
422259023 70067330
159312542 73135541
301248227 78291749
299311797 155572757
167489470 1878075
310882774 116104968
40848103 15318544
230070883 45589218
13043547 117760910
214338817 116653060
79819237 108881113
408742792 131632084
260818660 5644343
135295917 41528651
250273033 116566934
343171395 71266788
319854132 53971709
260232826 60810272
55179507 77585769
14996763 46497329
297486585 105335587
174463924 35946675
127816479 155572757
392815737 114911375
171241292 33602185
217871646 14912963
332745444 148260497
148449351 136554452
392882189 119362178
138848728 142183737
58839585 151271040
197736143 97433600
315495512 50376802
268006285 146948287
293261215 86315897
256609204 130453134
400473489 93357359
419961891 56505626
100525091 58242712
8433456 51644990
426514440 138630167
336669893 24516642
415648903 83675199
249575498 116818715
205046509 21105536
360433344 2292745
166495915 155572757
386743670 34644643
248999591 66069025
57855456 129658323
136952491 80724320
137763220 73197280
130836075 90990823
33437861 70442200
81083005 155572757
18742710 155491407
273758968 138278950
55430562 118735158
103832781 100745801
315687491 111970979
101321048 3871467
86146330 93135848
218889031 46229559
56971101 33628624
448391376 71126171
431385471 22405155
344049115 8847192
107456491 47559592
405296914 105140352
427974530 147861067
319497270 148649676
2857271 80085348
17830899 54901878
125579815 108706825
281656198 110481185
214702583 106281010
308412588 91439020
403871601 104576617
374710678 71108110
57655350 17472294
379259405 71164082
150699065 43581006
139811058 92113706
15155604 67151714
4101164 81234423
279875198 69889679
213988072 145565220
241272413 59125314
134060693 64447299
420156845 91522371
350623963 78772829
413778353 23969299
263635127 149323711
42677155 22947430
178088944 51297702
433850206 155572757
277307233 128952813
310349073 13984255
312227219 109100639
266198621 57510244
16347463 135655807
334072448 31030002
321923065 69974706
295481842 155572757
70449609 122042402
317690619 114536086
139447421 59241546
7779486 144474895
376545242 27626647
281710118 4493643
7736473 69305415
36214680 51214222
9364935 7638576
142976659 65497025
136641384 29565533
189745191 149344896
350359946 21159537
236879710 100979987
396080891 2112274
194666124 4252160
349322521 46113736
211022676 127275150
336315600 142713113
327693607 57631233
40180745 79681964
295280355 150331152
322162595 53739096
61761416 12322587
184030078 92913628
58785360 7430496
33591108 31197939
403587224 39386467
24529651 268457450
214649378 499989542
14095634 891894845
44797318 982736097
796774723 282888930
826733278 865818011
138460913 730116666
983754746 750782145
848887751 521912908
703036021 271772428
387322735 516492353
141883691 392307517
51217967 824248251
960505973 499623589
846149748 980874024
167775455 654709008
415904688 875180274
492666121 303686356
402232632 434341448
968546636 508104457
723066263 860896195
910390976 193173249
112156438 380351548
908818425 112571924
368165131 464869989
614574955 925853466
170289501 599878893
408264562 848376634
909511316 421272961
809959766 726898817
458890258 780927210
193067129 285480801
171389420 861538280
837135224 68528923
559525704 873254388
102751266 634859989
30754063 612922196
685577312 270515012
937868155 184840152
339734620 772505497
635068186 10275777
79815555 243355316
970536166 712957395
698167234 464897383
105217312 749916901
802693740 531425591
240411576 885439959
816875790 374981975
579749570 371740752
723432670 272040186
608157882 575749889
157191205 252649967
58169612 803741097
289531674 493886569
609045059 383176269
935093968 638571803
176650810 521496330
865044354 679024991
563446390 192431731
576549565 978243626
422432722 83612811
785477265 255264759
397577943 981896369
745495679 823109146
153021694 976770763
445861917 111454159
756365913 177446016
204917294 885238751
191713750 62425214
169913146 785471047
432230439 550605407
44491402 532750562
193212576 954764507
441687116 45542465
8262622 457402599
318319971 199112673
652789780 133000167
619053291 938913367
729333860 615665908
567450913 396850989
615966761 818186073
282231332 961898184
792766291 705766600
44230254 363546113
386817600 231590148
211567537 722265007
611299809 594400298
880737420 612114101
851743820 908289617
802931838 925757498
897493910 581695253
124826464 698060117
569723566 740489925
284042522 406489638
307938561 35508175
907932956 484094300
51498792 136742111
329057404 993124495
934681212 38638387
915496936 117773634
320410700 615368660
963269311 674935727
889824464 143619249
880416624 534486207
1221761 65186930
875151798 443352940
707529798 263635692
213846454 90349118
667963328 922588686
744313435 14809699
621217416 48069433
544051774 175238791
258261427 429318606
922193925 560124145
206881027 742847397
351611728 161038191
814763304 64529019
181631907 94570283
235393058 511049661
578667342 620634877
36969682 394396017
559040316 327293436
854896446 767103351
411536848 165862911
442860809 445470064
524852736 817997105
520638192 87954915
417003176 843566319
224046751 116436741
463918235 184999830
357488991 602369833
684356084 540555313
437113917 660387143
780421282 381158327
669432997 923037145
61200020 193075744
871501392 795613716
172963635 714480809
186789201 662251355
655621547 857093816
448574434 883704230
91562961 415657136
474923348 865454456
460233913 186946175
877092290 613208731
760394325 100720460
198984543 250165334
785264361 668486787
387448388 243274742
214683326 816812822
508600742 541691402
633242266 125542719
543200291 822932797
212837308 120371641
144903535 595438107
298029400 984258378
62733143 808768541
82694360 267488041
684189544 411161839
232604367 852463971
752325142 808381449
362074660 965210460
737909547 337693715
261216323 182901418
991231814 30716382
408245072 233465794
640795026 246574188
276113918 816123390
524015570 880088189
460290023 144195691
827634439 336753040
64340990 518970775
939244945 894588954
95748797 313812413
32907910 898769050
445660758 541299973
797851095 172171125
480114520 749135694
9983250 666085994
286874432 622810935
164748069 242781338
104837619 344818561
792857924 534697513
184208845 763424744
757593302 207180183
170122756 109526196
1306726 456014189
285987361 484018125
476188721 141899506
550026275 32348843
383255243 99720152
195131589 831328282
842202348 482220737
936960043 186413903
680435147 890971107
637108478 36853380
177620352 491364138
578687354 352631317
223072389 155061461
600596086 713914644
974072278 327085761
632759720 910851864
398236373 554263753
201139089 294051806
641791532 355840809
108497198 461208536
899358859 30465951
636440209 725504343
245312140 635047883
14294092 648370646
647847622 1272311
712502956 585320925
722093270 648646163
918707687 871879398
406380214 807694197
394751615 841374063
973282708 558456491
334801946 85528086
152728518 296774578
50283821 494628478
500984191 421279238
970902658 489871548
478734668 729936220
9732099 461474646
845772750 77782710
238294032 805172865
604244913 803831939
554487787 271687183
445946401 688545986
881915896 243692475
161383228 499525149
115486340 965573103
131014929 776998172
913693610 468566611
16647893 397515558
675099222 802084051
538972842 302149473
439417984 61626934
65058986 986691371
715803830 461651876
247122994 253776984
341372898 748305892
231617913 832241276
653024655 618063754
915276148 411012944
873976277 389572111
528022792 871179311
393497397 986274656
411331608 941069407
32184318 373967386
807293505 205364645
520966717 623699052
904719365 625467354
329105282 903923108
580993886 432170220
191596975 421606395
295876805 825450915
511954024 401415364
467784635 316613284
116518132 783648069
919841561 539447822
463203400 717535216
770068334 234539287
464903988 630387355
929582086 686196480
205099392 841974397
256813589 680781294
103883413 461370943
546643502 832383649
847530310 223659900
581045460 435884860
838501729 952925846
951244058 72990427
301227017 855009654
27729275 31285586
950033878 275815596
376958322 297129567
936768157 923188652
749255866 581551296
988115317 502614562
117270654 90447146
542836265 885531130
938774872 683626892
226324236 255278288
261290996 168204181
972899163 891959595
99735075 791490687
287428857 640390509
397398457 902447571
587025490 149032320
891068764 807863029
650403076 827164179
954685845 176812614
999200362 618817301
757496218 260054485
349282077 498239531
714517098 306738287
798536498 753901927
144065358 800150981
41489619 125614005
31312067 216905807
377895594 20570344
528865248 776237802
155732888 799754273
20064835 602822352
920920080 154006212
554665180 317058755
573995355 311809168
771500606 556427995
363821909 389494446
404704357 575300830
280979455 372177587
964309112 855442632
472003569 365759647
272128804 766170371
788620386 745713345
333000331 529039114
55284930 32334740
995527816 216145376
155094960 751300668
822386347 134661018
372178212 525091444
123731489 177712402
633562910 60737590
118075441 344314669
866194346 270022906
776516935 536443852
535486189 506032782
742308026 546381446
859875850 184600884
941961337 420377696
343448712 533847894
317759384 26262207
795064982 980988124
323995368 386201889
371672550 781159829
195695487 117929138
701071746 649056029
204063779 865037706
707379918 146939124
869180518 334900004
423022458 710905800
448916303 485247440
374112643 14149063
646319899 545377790
727005382 255747567
836541055 432319962
995308719 210672796
626440611 688399475
900560680 662292620
984333162 857707376
178510352 50709939
904129809 185206441
549216323 974547937
403764626 958017650
483951050 999040037
535470700 626737909
811091691 975736065
133501756 729798201
839393692 873751348
291314067 802407835
848227367 983403097
805084013 345160899
296453909 744709010
373547255 988405341
186113287 95065809
764365590 342535004
49809229 665686908
87889772 54237509
601148062 757292843
214287670 182214476
708408472 986448305
351036956 956236462
592452655 348786262
133379416 997426887
233494971 286887642
910668138 528834990
499168108 495794231
784365357 138381257
571283604 141243388
641123930 326397096
382868019 768549757
471370877 723083590
902868163 748718084
787500304 199672601
705497331 907328632
499569206 413149655
917449668 473129885
613011924 58717013
657690744 624342491
121231420 55542322
31973735 85630441
192997953 936022925
386015048 766502270
110633513 160502514
716832986 642557235
452019475 576778074
3958024 462115588
669744577 244074587
923630066 642608133
694619722 973803828
485451158 38821222
866530202 549623702
71008386 721625965
258504869 60078679
392659373 249411408
898163654 493560239
409168329 307048461
369811003 722717671
979138630 240008677
222921015 615378756
655518669 596413049
103988035 284940811
541452285 152297397
331396389 695859529
950923739 351797749
824239654 285259939
585361023 232942482
194096745 684903218
505455212 269066262
754202475 691159375
191206127 177396994
830242027 255897237
94180387 174155288
871678876 278179679
630317975 321302572
436875955 859195527
727144066 130219701
140179631 593765870
855867982 666684704
466479171 202992645
611400857 362636979
239408832 970020407
525363927 979277132
523463407 87587352
202875086 521074983
760100077 855288331
860108074 520444885
403105520 165692268
668792483 657879843
196240099 682772143
937517070 97646367
565469582 950717917
447711331 25937456
566147037 799260875
604219367 25212559
781481454 614944072
862544140 581125256
669563397 489915713
619306693 864198433
942496501 952618255
421376254 756903762
401444726 466891431
804075799 39496754
656827583 504467763
377797524 848193536
749782902 918636620
802398627 742345096
485336780 135254074
749053568 488749844
122194308 607251184
985755742 708663620
489959718 633671454
700985018 218559448
730579213 316158473
348835998 304651597
171727268 805194831
96786525 7418978
965955003 679029867
258386122 551523370
988248390 52138720
833425103 141489500
259926535 470092265
880176947 303367134
177518208 666352905
298718660 639864590
430276163 472570581
714957003 863432813
988243108 720466539
251870197 236526354
884571675 912365517
229609583 96796218
372738927 599797117
993798747 909416975
880515227 77565774
261412339 565158703
929360976 110722199
606372040 577674963
537049532 676856989
636281595 800758351
500292750 449008621
637427060 896608931
532695757 966450919
137642983 315458165
147523391 888693355
288170234 449693687
214649590 403391702
202466506 35065838
931831727 98596615
600772119 549014845
0 0
0 0
0 0
0 0
0 0
0 0
0 0
0 0
0 0
0 0
0 0
0 0
0 0
40849 0
0 0
0 0
0 0
0 0
0 0
0 0
0 0
0 0
0 0
0 0
0 0
0 0
0 0
0 0
0 0
0 0
0 0
0 0
0 0
0 0
0 0
0 0
0 0
0 0
0 0
0 0
0 0
0 0
0 0
0 0
0 0
0 0
0 0
0 0
0 0
0 0
0 0
0 0
0 0
0 0
0 0
0 0
0 0
0 0
0 0
0 0
0 0
0 0
0 0
0 0
0 0
0 0
0 0
0 0
0 0
0 0
0 0
0 0
0 0
0 0
0 0
0 0
0 0
0 0
0 0
0 0
0 0
0 0
0 0
0 0
0 0
0 0
0 0
0 0
0 0
0 0
0 0
0 0
0 0
0 0
0 0
0 0
0 0
0 0
0 0
0 0
0 0
0 0
0 0
0 0
0 0
0 0
0 0
0 0
0 0
0 0
0 0
0 0
0 0
0 0
0 0
0 0
0 0
0 0
0 0
0 0
0 0
0 0
0 0
0 0
0 0
0 0
0 0
0 0
0 0
0 0
0 0
0 0
0 0
0 0
0 0
0 0
0 0
0 0
0 0
0 0
0 0
0 0
0 0
0 0
0 0
0 0
0 0
0 0
0 0
0 0
0 0
0 0
0 0
0 0
0 0
0 0
0 0
0 0
0 0
0 0
0 0
0 0
0 0
0 0
0 0
0 0
0 0
0 0
0 0
0 0
0 0
0 0
0 0
0 0
0 0
0 0
0 0
0 0
0 0
0 0
0 0
0 0
0 0
0 0
0 0
0 0
0 0
0 0
0 0
0 0
0 0
0 0
0 0
0 0
0 0
0 0
0 0
0 0
0 0
0 0
0 0
0 0
0 0
0 0
0 0
0 0
0 0
0 0
0 0
0 0
0 0
0 0
0 0
0 0
0 0
0 0
0 0
0 0
0 0
0 0
0 0
0 0
0 0
0 0
0 0
0 0
0 0
0 0
0 0
0 0
0 0
0 0
0 0
0 0
0 0
0 0
0 0
0 0
0 0
0 0
0 0
0 0
0 0
0 0
0 0
0 0
0 0
0 0
0 0
0 0
0 0
0 0
0 0
0 0
0 0
0 0
0 0
0 0
0 0
0 0
0 0
0 0
0 0
0 0
0 0
0 0
0 0
0 0
0 0
0 0
0 0
0 0
0 0
0 0
0 0
0 0
0 0
0 0
0 0
0 0
0 0
0 0
0 0
0 0
0 0
0 0
0 0
0 0
0 0
0 0
0 0
0 0
0 0
0 0
0 0
0 0
0 0
0 0
0 0
0 0
0 0
0 0
0 0
0 0
0 0
0 0
0 0
0 0
0 0
0 0
0 0
0 0
0 0
0 0
0 0
0 0
0 0
0 0
0 0
0 0
0 0
0 0
0 0
0 0
0 0
0 0
0 0
0 0
0 0
0 0
0 0
0 0
0 0
0 0
0 0
0 0
0 0
0 0
0 0
0 0
0 0
0 0
0 0
0 0
0 0
0 0
0 0
0 0
0 0
0 0
0 0
0 0
0 0
0 0
0 0
0 0
0 0
0 0
0 0
0 0
0 0
0 0
0 0
0 0
0 0
0 0
0 0
0 0
0 0
0 0
0 0
0 0
0 0
0 0
0 0
0 0
0 0
0 0
0 0
0 0
0 0
0 0
0 0
0 0
0 0
0 0
0 0
0 0
0 0
0 0
0 0
0 0
0 0
0 0
0 0
0 0
0 0
0 0
0 0
0 0
0 0
0 0
0 0
0 0
0 0
0 0
0 0
0 0
0 0
0 0
0 0
0 0
0 0
0 0
0 0
0 0
0 0
0 0
0 0
0 0
0 0
0 0
0 0
0 0
0 0
0 0
0 0
0 0
0 0
0 0
0 0
0 0
0 0
0 0
0 0
0 0
0 0
0 0
0 0
0 0
0 0
0 0
0 0
0 0
0 0
0 0
0 0
0 0
0 0
0 0
0 0
0 0
0 0
0 0
0 0
0 0
0 0
0 0
0 0
0 0
0 0
0 0
0 0
0 0
0 0
0 0
0 0
0 0
0 0
0 0
0 0
0 0
0 0
0 0
0 0
0 0
0 0
0 0
0 0
0 0
0 0
0 0
0 0
0 0
0 0
0 0
0 0
0 0
0 0
0 0
0 0
0 0
0 0
0 0
0 0
0 0
0 0
0 0
0 0
0 0
